149 1741
31 2274
62 1367
129 2076
197 2344
85 1432
77 1629
111 1522
122 2499
100 1198
150 1910
193 1811
170 1941
141 1469
24 2661
60 2530
17 2195
179 1885
128 1355
144 1433
141 2787
179 2038
163 2259
42 2208
75 2481
188 2753
95 1600
110 2771
15 1415
183 2442
46 2264
32 2314
71 2519
114 1047
5 2669
196 1888
136 1114
197 2572
143 2920
186 1766
159 2053
187 1720
177 1909
128 1351
110 2298
195 2634
41 1475
84 1883
105 1318
70 2260
22 2253
140 2702
86 2188
15 1325
124 2362
80 2329
32 2762
162 2458
101 2551
197 2119
183 2826
60 1444
37 1937
27 2746
161 1586
119 2126
8 2977
57 2276
169 2399
57 1963
11 2795
97 1086
52 2110
83 1755
177 2504
67 1394
94 2890
182 1532
176 2656
185 1638
49 2954
123 1127
116 1447
5 2493
167 1044
52 2433
145 2819
6 1749
21 2047
199 2860
168 2080
56 1836
191 1660
69 1983
173 1188
177 2240
112 2446
125 1912
94 2321
22 1568
46 2200
44 2373
192 2869
188 2523
180 1982
59 2017
188 1487
82 1550
117 1717
166 1963
26 1332
163 1402
48 1728
197 2079
10 1122
177 1391
185 1106
50 1017
75 1152
104 2581
48 2279
182 1499
52 1893
141 1674
59 1676
137 2879
181 1314
130 1860
171 2862
132 1459
26 1556
70 1375
60 1036
166 1605
163 2089
2 1031
115 2260
175 1140
76 2993
27 2480
60 1314
1 1033
138 2483
33 1462
133 2557
196 1897
21 1322
187 2797
168 2678
128 2295
105 1252
89 2387
186 2708
107 2367
121 1071
117 1965
168 1198
111 2785
117 2494
180 2882
91 2922
117 1537
67 2429
100 1651
9 2009
116 1563
118 2803
138 2541
173 2870
128 2738
98 1564
192 2952
44 2811
191 2209
166 1002
78 1847
121 2715
134 1605
147 2011
120 1987
120 2674
16 2119
121 1436
158 1235
136 1955
139 2968
109 2130
116 2682
18 1179
14 1250
122 1849
117 1855
89 1098
90 1693
134 1638
195 1760
148 2862
125 1310
125 2816
106 1027
175 1142
114 2469
52 2208
163 2911
189 1998
142 2386
26 1757
110 1395
168 1889
181 1540
14 1137
68 1175
185 2684
111 2031
63 2515
51 2767
177 2074
69 1380
68 1086
192 2504
186 1262
101 1782
179 1511
85 1667
3 2312
149 1317
157 2897
73 1533
146 2047
21 2133
82 1457
187 1564
1 1868
81 1099
39 2465
75 2534
168 1387
20 2950
57 1655
121 2808
131 2250
127 2409
42 2693
189 2576
199 1035
136 2329
77 1852
101 1259
127 2613
166 1321
135 1518
175 1874
81 1843
113 2907
70 2677
39 2606
47 1996
137 2701
31 2996
143 2335
44 2782
84 2606
76 1640
84 1392
144 1370
188 1563
14 2465
71 1297
162 2275
10 2836
172 1703
142 1724
121 2508
34 2356
193 2784
160 1471
46 2853
193 1130
77 1427
96 2680
97 2678
39 1207
75 2628
134 2067
98 2134
140 1237
127 1681
2 1420
168 2156
101 2104
176 1864
165 2126
11 1118
102 1653
135 1926
181 2980
73 1554
56 2026
147 2998
155 1038
22 2804
167 1595
16 1073
100 1769
60 1978
95 2020
132 1682
36 1264
17 2129
20 1427
97 1898
132 1762
48 2996
92 1220
48 1303
24 2248
178 2226
69 2529
197 2046
117 2382
199 1433
144 2812
92 2636
104 2522
96 1999
30 1607
188 2588
2 1084
180 1983
33 2948
175 1568
53 1016
19 2027
75 2456
123 1160
72 1628
34 2645
89 1601
184 1894
105 2550
162 1777
50 2160
49 2666
72 1056
148 1977
175 2364
160 2182
153 2536
163 1147
46 2746
192 2556
110 2354
24 1167
83 2204
114 1707
184 1861
191 1325
42 1275
19 1669
61 1816
146 1929
41 2146
162 2461
63 2976
2 1967
106 1384
71 1649
144 2104
57 1221
35 1919
85 2224
144 2174
51 1698
65 1271
78 1935
197 1998
126 1775
49 1533
20 1714
27 1068
151 2932
129 1124
46 1313
141 1845
122 1458
106 2810
171 2803
150 2261
183 2016
189 1002
25 1048
124 1703
89 2443
38 1856
51 2805
118 2211
158 1683
70 2150
41 2575
64 1180
20 1209
54 1483
143 1832
77 2294
128 2844
50 2770
120 2774
70 1969
29 2353
34 2571
97 2222
16 1060
54 2680
147 1232
73 1801
60 2077
134 1232
28 1377
140 1038
117 2687
111 2070
58 1730
168 2502
61 2746
125 2416
72 1794
24 2635
36 2626
162 1331
76 1387
169 2387
100 1082
48 2969
17 1545
193 2302
28 1445
66 1280
56 1799
57 1183
184 1361
181 1543
69 1333
75 1967
4 1869
151 2618
153 2033
123 2949
67 2047
13 2297
144 1932
2 2978
34 2009
122 2633
25 2063
139 1768
105 1492
123 2638
140 2222
59 2953
181 1796
138 2225
188 1654
106 2009
98 1343
62 1778
11 1168
153 1700
180 1601
126 2244
47 1689
73 2152
26 2636
136 1110
170 2752
11 1208
47 2056
49 2163
85 2950
135 1191
168 1588
183 1412
93 2841
0 2705
133 2069
28 2054
110 1329
106 2607
107 2085
61 1865
39 1007
81 1790
118 2034
15 2900
78 2501
172 2904
134 1863
129 1891
187 2288
180 2638
32 1236
110 2213
166 1030
12 1725
127 1390
34 2815
84 1897
90 2266
30 2450
36 1986
15 2924
98 2533
25 2435
93 2347
104 1874
194 1877
191 2740
63 1952
38 2641
76 2861
195 1337
181 2878
27 2688
123 2273
65 1450
79 1178
86 1530
113 1133
175 1974
20 2606
20 2776
27 2337
52 2388
120 2964
182 2725
131 1064
120 1416
160 2477
143 1038
182 1586
124 1208
38 2073
13 1483
6 2612
20 1281
176 1943
62 1267
19 1793
183 2991
35 1277
91 1963
47 2523
23 1789
151 2547
78 1531
80 2681
157 1015
135 2227
75 1457
58 1425
132 1501
167 2327
165 1499
197 2688
135 1721
114 1635
155 1062
61 2506
0 1765
99 2034
125 2708
197 1800
40 2880
177 1788
198 1797
10 2760
109 2847
4 2179
157 2784
38 1453
139 1947
90 2372
167 1167
169 1796
37 2768
11 1896
138 2600
68 2514
97 1622
59 2622
85 1174
72 1230
116 1823
21 2622
113 1383
103 2317
60 1588
60 2790
84 2768
159 1634
175 1810
92 1607
107 2764
42 1788
85 1468
122 1936
199 1746
182 2063
74 2940
42 2232
144 2781
101 1624
0 1954
59 1037
34 1103
97 1155
124 1458
141 2159
179 2814
175 2549
12 1149
155 2412
194 2814
119 2789
97 2940
3 2291
47 2478
22 2645
146 1094
95 2480
171 2075
65 1331
126 2308
191 1563
124 1453
179 2744
21 1494
52 2826
3 2981
64 1431
185 1516
10 2540
199 1266
101 2897
75 1640
23 2589
188 2653
146 1408
70 1955
6 2850
61 2010
23 2910
112 1525
114 1180
168 2811
10 1193
159 2532
66 1426
100 1018
50 1952
105 1155
80 2307
71 1785
61 1848
59 2462
18 2576
22 2471
178 2234
121 1056
8 2330
21 1985
26 1653
53 1744
32 2863
173 2965
128 1755
96 2977
62 1930
109 1801
52 1765
19 2334
123 1820
180 2010
120 1122
145 1786
167 2107
123 2962
165 2446
153 1021
48 1473
6 2484
63 1438
104 1565
155 1484
151 2327
23 2866
168 2985
120 1690
115 2026
75 2261
21 2896
50 1949
139 1136
27 1462
87 1065
199 2348
51 2379
28 2633
77 2346
16 1602
115 2690
123 1891
126 1711
7 1322
134 1675
20 2182
51 1144
43 2029
178 1493
168 1528
160 2635
30 1295
164 2667
66 1288
16 2057
99 2900
147 2826
182 1554
83 1160
123 2384
44 1903
129 1328
181 1459
15 2877
173 1772
165 1601
150 2261
118 1591
7 2854
159 1981
168 1596
39 1854
23 2689
199 1978
13 1303
136 2074
170 1978
75 2614
24 2042
124 1509
114 2120
122 2457
141 2472
88 1234
88 2729
156 2733
81 1363
80 1180
17 2158
76 2639
134 1905
92 2628
29 2524
176 2498
140 1957
70 2057
130 1251
36 2880
17 2511
78 2697
60 1638
145 2325
108 1109
156 2705
1 1450
7 2801
29 1493
102 1319
47 1056
194 2538
162 1227
2 2892
25 1108
5 2352
197 1559
57 1177
66 2270
75 2110
157 2280
20 2750
4 2020
110 2460
3 2833
86 2955
130 2011
187 1461
171 1432
71 2251
59 2014
91 2242
29 2456
195 1347
131 2942
33 2331
90 2864
21 2003
24 1977
117 1782
102 2892
167 2889
88 1282
1 1726
127 2802
36 2368
181 2338
30 1494
23 1918
79 2611
15 2383
166 2931
180 2732
141 1899
82 1987
108 1040
178 1317
113 2514
100 1250
25 2591
139 1816
119 2097
113 2647
192 2822
148 1262
178 2855
99 1011
53 2869
9 1493
69 1492
133 1684
97 1055
0 1400
25 1268
38 2320
186 1671
198 1294
108 2040
80 2368
195 1392
166 1625
164 2695
138 2723
130 1938
21 2830
131 2839
22 2576
72 2137
17 1552
86 1137
40 2951
198 1011
153 2996
114 2174
197 2944
165 2016
20 1683
79 2235
55 1175
167 1073
123 1352
74 2871
93 1458
74 1524
180 1271
150 1655
122 2192
64 1645
134 2716
176 1980
102 1495
46 2841
78 1875
148 2314
182 2567
184 1171
137 1937
93 1773
44 2312
139 1319
196 1616
183 1405
59 2713
20 2659
31 1877
114 1065
35 2972
161 1537
21 1121
52 2261
163 2922
32 2402
104 1578
109 1858
41 2723
83 2931
51 2173
159 2024
98 2339
135 2762
21 1629
36 2295
174 2819
27 1988
179 2045
42 2146
91 1876
14 2027
33 1729
105 2949
71 2784
136 2015
170 2533
199 2703
130 2084
162 2343
145 1442
91 1418
17 2128
10 1480
124 2691
109 1532
112 2955
155 2708
104 1151
98 2251
151 2503
29 1913
30 2253
165 1189
113 2682
34 2043
135 2204
74 1190
17 1302
42 2392
106 2752
197 2725
64 2360
132 1327
117 1258
175 2731
189 1713
134 1588
27 1336
102 1287
141 1625
13 1811
88 1816
83 2007
60 2207
177 2385
145 2282
75 2531
175 2253
44 2294
198 1961
171 1993
87 2480
43 2069
192 1197
133 2864
164 2689
90 2476
196 1286
23 1028
5 2835
6 1090
171 2923
52 2501
10 2536
35 1371
151 2015
198 1657
104 2012
10 1388
148 2132
195 2347
159 1974
32 1807
122 1327
158 1800
62 2461
118 1299
10 1620
146 1690
63 1138
171 1978
54 1866
26 1233
58 2064
35 2020
132 1293
